  flipped bit in message word 15 only
  4000 samples per seed, degrees 1 to 12, dimension 168
  band for rounds that remember nothing, fair bits through this basis, 1000 pairs:
  73.32 to 105.82 degrees, median 89.50

  shape energy of a fair round, drawn the same way: 0.09704 to 0.14549, median 0.11851

   round    same seed   cross seed       repeat     energy A     energy B
       1         0.00         0.00         0.00      0.08578      0.08578
       2         0.00         0.00         0.00      0.08578      0.08578
       3         0.00         0.00         0.00      0.08578      0.08578
       4         0.00         0.00         0.00      0.08578      0.08578
       5         0.00         0.00         0.00      0.08578      0.08578
       6         0.00         0.00         0.00      0.08578      0.08578
       7         0.00         0.00         0.00      0.08578      0.08578
       8         0.00         0.00         0.00      0.08578      0.08578
       9         0.00         0.00         0.00      0.08578      0.08578
      10         0.00         0.00         0.00      0.08578      0.08578
      11         0.00         0.00         0.00      0.08578      0.08578
      12         0.00         0.00         0.00      0.08578      0.08578
      13         0.00         0.00         0.00      0.08578      0.08578
      14         0.00         0.00         0.00      0.08578      0.08578
      15        84.28        84.78         0.00      0.08578      0.08578
      16        13.48        13.54         2.72      0.86164      0.85378
      17        20.39        20.37         0.75      5.43220      5.44510
      18        20.14        20.30         0.86      7.71038      7.72942
      19        20.69        20.35         1.40      6.76799      6.73059
      20        19.63        15.74         2.35      3.54438      3.50655
      21        73.53        94.59        14.21      0.62196      0.63711
      22        86.27        94.80        81.56      0.12031      0.11947
      23        74.96        95.70        85.27      0.11646      0.10708
      24       112.05        90.82        90.59      0.11277      0.14787
      25        97.55        90.46       106.05      0.13169      0.12771
      26        87.89        85.38        94.38      0.14465      0.11393
      27        86.55        90.85        95.42      0.11356      0.11751
      28        75.08        87.06        79.87      0.13016      0.10935
      29        88.06        94.32        85.47      0.11735      0.11429
      30        83.27        79.12        91.47      0.11905      0.11927
      31        78.04       102.71        75.60      0.12611      0.13319
      32        93.96       103.80        93.75      0.10812      0.10933
      33        94.02        71.00        94.23      0.13298      0.12616
      34        95.80        91.67        83.70      0.12098      0.11601
      35        91.10        91.58        88.35      0.13097      0.15723
      36        90.46        81.40        94.06      0.13704      0.11429
      37       101.27        93.45        80.74      0.10613      0.11541
      38        72.98        81.75        85.11      0.11844      0.11412
      39        74.38        89.02        97.28      0.14381      0.14322
      40       101.05        88.25        89.69      0.14977      0.11846
      41       100.78       101.73        94.26      0.10979      0.11776
      42       107.93        85.25        94.63      0.12694      0.10510
      43        88.76        93.91        82.38      0.13053      0.12877
      44        89.47        81.45        77.48      0.12871      0.10103
      45        88.23        82.03        92.29      0.10776      0.12209
      46        89.37        94.23        69.26      0.10875      0.11349
      47        99.62        93.98        84.24      0.11370      0.13665
      48        91.30        97.80       104.79      0.11529      0.13230
      49        91.14        84.27        90.44      0.13216      0.10192
      50        84.48        81.57        92.08      0.12855      0.12323
      51        95.94        79.94        79.03      0.10572      0.13051
      52       104.18        87.68        90.93      0.11319      0.10916
      53        94.81       106.07       108.14      0.12984      0.10547
      54        85.26        98.13        90.45      0.10326      0.12679
      55        91.87        93.99        88.06      0.11790      0.10309
      56        85.46        91.20        93.17      0.11075      0.10781
      57        87.98        91.23        93.62      0.11507      0.09887
      58       100.59        88.90        96.35      0.13820      0.12049
      59        93.30       106.11        80.29      0.12288      0.10884
      60        86.71        82.00        82.50      0.11343      0.10960
      61        90.59        98.35        80.07      0.10584      0.11449
      62       109.65        89.27        85.48      0.14194      0.13966
      63        74.38        91.31        93.39      0.12301      0.12963
      64            -            -        87.39      0.13166      0.13315

                                                     carries    after the break: under / over the band, chance each
  shape carries into the next round, same seed       round 20   1 / 3 of 43, chance 1.1 each
  shape carries into the next round, cross seed      round 20   1 / 2 of 43, chance 1.1 each
  a round's own shape reproduces across seeds        round 21   1 / 2 of 43, chance 1.1 each

  shape energy after the break, seed A: 0 under / 1 over the fair band of 43 rounds, chance 1.1 each
  shape energy after the break, seed B: 0 under / 2 over the fair band of 43 rounds, chance 1.1 each
