  flipped bit in any of the 512 input bits
  4000 samples per seed, degrees 1 to 12, dimension 168
  band for rounds that remember nothing, fair bits through this basis, 1000 pairs:
  73.32 to 105.82 degrees, median 89.50

  shape energy of a fair round, drawn the same way: 0.09704 to 0.14549, median 0.11851

   round    same seed   cross seed       repeat     energy A     energy B
       1        47.82        46.77         3.26      0.09958      0.09926
       2        13.13        13.27         3.88      0.38709      0.36957
       3         9.73         9.68         2.58      0.84716      0.85670
       4         5.38         5.98         2.22      1.21714      1.26742
       5         3.50         3.91         2.93      1.41345      1.43272
       6         3.22         4.17         2.67      1.50998      1.47445
       7         3.31         3.88         3.57      1.44855      1.43339
       8         3.62         5.33         3.52      1.38794      1.42385
       9         3.81         4.27         4.88      1.40155      1.42701
      10         4.02         4.73         4.01      1.40220      1.48671
      11         4.52         5.71         4.51      1.41069      1.53130
      12         5.08         4.72         5.90      1.45961      1.55658
      13         5.88         5.34         5.08      1.50360      1.58394
      14         5.12         4.92         5.12      1.50039      1.49407
      15         5.14         4.96         4.90      1.52828      1.51070
      16         6.04         6.43         6.41      1.58155      1.50394
      17        10.73        11.71         6.37      1.53611      1.41917
      18        14.91        15.64         8.63      1.20043      1.16004
      19        28.47        25.72        10.14      0.73945      0.74827
      20        56.83        71.56        23.98      0.31700      0.29248
      21        94.09        92.89        77.24      0.15329      0.12998
      22       100.20        97.74        82.50      0.10374      0.12638
      23        87.11        86.16        81.14      0.12329      0.13011
      24        85.82        79.45        71.60      0.10705      0.11177
      25        96.34        94.08        84.73      0.12624      0.12315
      26        90.26        88.59        96.48      0.11726      0.11733
      27        95.25        84.99        89.01      0.11972      0.10518
      28        93.83        97.66        87.32      0.11888      0.11841
      29        82.21        86.23        92.14      0.14382      0.10625
      30        95.21        92.76       100.74      0.12202      0.11100
      31        90.43        88.35        90.49      0.14609      0.10497
      32        86.09        85.90        79.41      0.13175      0.09308
      33        93.39        94.43        88.23      0.11878      0.11869
      34        94.60        93.23        81.34      0.11994      0.12227
      35       111.94       104.38        84.80      0.13891      0.12951
      36       102.16        99.00        83.09      0.10253      0.14239
      37        96.71        80.86       101.10      0.12095      0.13622
      38        86.34        88.57        88.28      0.11330      0.12966
      39        90.07        73.66       100.77      0.11249      0.14414
      40        89.11        94.11        92.33      0.11840      0.14311
      41       102.44        71.24       100.46      0.12323      0.14478
      42        86.99        86.73        85.34      0.15920      0.12024
      43        96.39        87.72       110.61      0.14789      0.09716
      44        95.89        84.07        89.56      0.12594      0.12115
      45       103.90        99.59       104.41      0.09411      0.11531
      46       103.66        95.21        82.08      0.11236      0.11104
      47        98.16        89.89        79.48      0.12114      0.11212
      48        93.17        80.55        98.74      0.12299      0.12153
      49        95.53        88.49        83.02      0.09228      0.13533
      50        96.66        89.24        90.24      0.12709      0.11634
      51        91.76        86.02       118.14      0.12892      0.13537
      52        81.98        96.30        84.22      0.11865      0.12444
      53        98.00       101.44        90.94      0.15254      0.12313
      54       103.15       104.22        96.70      0.12392      0.13170
      55        88.66        87.40        78.60      0.10677      0.13063
      56       105.91        77.94        91.98      0.11347      0.12924
      57        96.22        82.46        84.71      0.12993      0.13561
      58        92.22        84.73        94.48      0.11884      0.14214
      59       101.57        88.10        87.97      0.10960      0.11801
      60        90.64        99.33        92.04      0.13037      0.10778
      61        88.85        95.57        99.66      0.11522      0.12372
      62       103.10        85.08        87.86      0.13007      0.11574
      63        89.71        83.60        85.50      0.12608      0.12196
      64            -            -        90.63      0.11460      0.09724

                                                     carries    after the break: under / over the band, chance each
  shape carries into the next round, same seed       round 20   0 / 2 of 43, chance 1.1 each
  shape carries into the next round, cross seed      round 20   1 / 0 of 43, chance 1.1 each
  a round's own shape reproduces across seeds        round 20   1 / 2 of 44, chance 1.1 each

  shape energy after the break, seed A: 2 under / 5 over the fair band of 44 rounds, chance 1.1 each
  shape energy after the break, seed B: 1 under / 0 over the fair band of 44 rounds, chance 1.1 each
