  flipped bit in message word 3 only
  4000 samples per seed, degrees 1 to 12, dimension 168
  band for rounds that remember nothing, fair bits through this basis, 1000 pairs:
  73.32 to 105.82 degrees, median 89.50

  shape energy of a fair round, drawn the same way: 0.09704 to 0.14549, median 0.11851

   round    same seed   cross seed       repeat     energy A     energy B
       1         0.00         0.00         0.00      0.08578      0.08578
       2         0.00         0.00         0.00      0.08578      0.08578
       3        84.31        84.26         0.00      0.08578      0.08578
       4        13.76        13.79         2.08      0.86211      0.84128
       5        19.99        19.94         0.74      5.41816      5.44902
       6        20.37        20.67         0.79      7.79758      7.77947
       7        21.17        21.23         1.27      6.77257      6.76258
       8        18.75        19.36         2.78      3.57503      3.54512
       9       101.91        70.74        13.25      0.76348      0.78544
      10       109.59        95.96        96.42      0.12108      0.12402
      11        91.76        99.89       100.17      0.12778      0.14260
      12        78.55        86.78        89.80      0.10647      0.13819
      13        68.36        82.14        77.79      0.11569      0.13863
      14        69.60        79.86        82.52      0.13333      0.12945
      15        91.20        74.18        89.60      0.13136      0.12802
      16        82.36        96.28        98.03      0.11088      0.11623
      17        76.87        98.68        86.90      0.11253      0.12940
      18        98.27        80.28        98.57      0.10741      0.12842
      19        82.68        85.52        84.13      0.12283      0.10226
      20        89.95        88.83        86.72      0.09995      0.12849
      21        88.47        93.33        80.15      0.12564      0.11985
      22       102.86        75.96        84.49      0.12960      0.12822
      23        83.01        81.26        91.93      0.13956      0.13354
      24        79.51        91.20        89.51      0.12576      0.13856
      25        88.24        87.32        85.64      0.13018      0.12191
      26       105.09        78.31        88.95      0.12199      0.11502
      27        87.04       100.24        94.17      0.12861      0.11343
      28        96.37        77.09        72.24      0.11223      0.13489
      29        89.95        96.29        89.12      0.10859      0.11916
      30        83.19        92.72       100.22      0.13323      0.14131
      31       102.25        94.85        85.28      0.09507      0.12421
      32        91.86        83.16        75.26      0.09677      0.10978
      33        91.45        82.77        91.81      0.10209      0.12693
      34        94.24        94.38        79.53      0.11716      0.11849
      35       102.34        93.09        90.35      0.12646      0.10095
      36        92.60        76.88       101.64      0.12662      0.13227
      37        91.90        86.10        91.27      0.11329      0.11754
      38        98.14        86.30        87.37      0.10176      0.11665
      39        85.01        98.99        88.80      0.11036      0.11753
      40       102.53        79.40        95.25      0.13337      0.10903
      41       106.06        75.58        97.02      0.10023      0.12648
      42        87.90        92.21        99.62      0.10629      0.13395
      43        90.40        88.58        90.19      0.11889      0.10062
      44       104.40        88.27        92.14      0.11671      0.13132
      45        88.55        89.62        98.10      0.10670      0.12626
      46        99.12        85.67        96.99      0.12364      0.11379
      47        87.52        80.79        91.56      0.09919      0.12402
      48        94.52        84.72        78.27      0.12274      0.12707
      49        83.79        83.33        83.21      0.12194      0.14537
      50        89.15       112.60       104.99      0.12231      0.12326
      51        91.48       102.99        80.12      0.12234      0.10630
      52       112.11       117.85       104.52      0.11257      0.15190
      53        78.63        92.39        77.29      0.14085      0.13856
      54        94.80        83.58        93.71      0.10816      0.12538
      55        84.95        99.02       109.84      0.11306      0.11975
      56        92.89        90.69        73.73      0.13145      0.12401
      57       100.03       105.88        93.12      0.13006      0.10049
      58        94.53       101.10        86.75      0.12565      0.13706
      59       108.66       108.64        86.69      0.12109      0.12786
      60        76.37        90.54        75.66      0.12921      0.12183
      61        79.85       113.57        87.43      0.13373      0.11643
      62        70.85       117.51        97.81      0.13572      0.10660
      63        85.00        83.63        95.43      0.12131      0.13519
      64            -            -        82.20      0.11685      0.11300

                                                     carries    after the break: under / over the band, chance each
  shape carries into the next round, same seed       round 8    3 / 4 of 55, chance 1.4 each
  shape carries into the next round, cross seed      round 9    0 / 6 of 54, chance 1.4 each
  a round's own shape reproduces across seeds        round 9    1 / 1 of 55, chance 1.4 each

  shape energy after the break, seed A: 2 under / 0 over the fair band of 55 rounds, chance 1.4 each
  shape energy after the break, seed B: 0 under / 1 over the fair band of 55 rounds, chance 1.4 each
